0.0112426401
0.007950853177
0.006492748198
0.005623667656
0.005030661407
0.004592983673
0.004252868285
0.003978747448
0.003751720825
0.003559689838
0.003394502978
0.003250440939
0.003123356658
0.003010159989
0.002908494828
0.00281652915
0.002732814071
0.002656186621
0.002520579419
0.002460174944
0.002403945072
0.002351430746
0.002256038615
0.002171475953
0.002132642496
0.00206089918
0.001996009641
0.001936949804
0.001882897703
0.001833184937
0.001765575165
0.001705028931
0.001668011655
0.001616812745
0.001570130499
0.001513849773
0.001475469338
0.001428647058
0.001386106696
0.001338030731
0.001303058583
0.001263065747
0.001226638722
0.001186939274
0.001150973866
0.001118194849
0.001083395576
0.001051771388
0.001022870321
0.0009927075314
0.0009619058435
0.0009339355589
0.000905688238
0.0008799920136
0.0008542468575
0.0008287381305
0.0008036899116
0.0007809368773
0.0007586278081
0.0007368885383
0.0007145583808
0.0006943192072
0.0006748338161
0.0006561241862
0.0006373442102
0.0006194977484
0.0006018474327
0.0005851832841
0.0005694441725
0.0005535238184
0.0005386039465
0.0005241711716
0.0005102682102
0.0004969214027
0.0004838241289
0.0004713589698
0.0004592499551
0.0004475525149
0.0004363043826
0.0004255288578
0.000415237715
0.0004052758071
0.0003956846425
0.0003863633258
0.0003775970274
0.0003691462776
0.0003609482119
0.000353219043
0.000345789154
0.0003386166311
0.0003318602848
0.0003253430286
0.000319149494
0.0003132882275
0.0003076835078
0.0003023926032
0.000297356155
0.0002925925021
0.00028808805
0.0002838771457
0.0002799021097
0.0002761788729
0.0002727165696
0.0002694937909
0.0002665201779
0.0002637813839
0.0002612858905
0.000259023835
0.0002570017894
0.0002552081121
0.0002536499662
0.0002523244702
0.0002512313392
0.0002503737817
0.0002497530002
0.0002493719816
0.0002492326619
0.0002493397082
0.0002496972284
0.0002503112113
0.000251189042
0.0002523357563
0.0002537590291
0.0002554716726
0.0002574793037
0.0002597989958
0.0002624366659
0.000265411259
0.0002687375152
0.0002724274601
0.0002765057455
0.0002809852893
0.0002858922135
0.0002912467489
0.0002970728619
0.0003033985236
0.0003102522474
0.000317666662
0.0003256673715
0.0003342952002
0.0003435877613
0.0003535829895
0.000364322958
0.0003758539555
0.0003882265393
0.0004014915637
0.0004157041081
0.0004309235058
0.0004472133613
0.0004646374704
0.0004832679512
0.0005031853336
0.0005244620811
0.0005471955678
0.0005714667827
0.0005973775624
0.0006250340757
0.0006545426102
0.0006860263012
0.0007196042097
0.0007554122849
0.0007935950105
0.0008343054086
0.0008776965873
0.000923951317
0.0009732440184
0.00102577035
0.001081738776
0.001141374814
0.001204908315
0.001272590435
