1130.803513
744.8025189
592.4667739
506.1745528
448.9844563
407.5663399
375.8063293
350.4601836
329.62741
312.1118056
297.1181952
272.645051
262.4759055
245.1415918
230.8417152
218.7834736
203.7849048
195.3454423
181.2004405
172.4016731
162.4453734
152.1310372
143.5618129
136.2953825
127.7579488
120.6481485
113.8171294
107.3670977
100.7991336
95.30728201
89.84760121
84.58316843
79.60959649
74.9735764
70.68920769
66.750443
62.87575919
59.27731094
55.86673671
52.60251276
49.59866571
46.79320304
44.10696544
41.58175574
39.23720492
37.02652832
34.94984876
33.00798506
31.18681671
29.4943581
27.92578565
26.48178718
25.17317728
23.98703828
22.94364567
22.04982827
21.32026977
20.7764414
20.43923742
20.33382429
20.4880663
20.92967534
21.68643398
22.78162898
24.23924643
26.08299866
28.33709337
31.02983805
34.18979815
37.85420473
42.07281318
46.89443369
52.38337454
58.61688792
65.67359406
73.65324428
82.66521055
92.83405921
104.3081054
117.2419834
131.8225556
148.2544007
166.7684281
187.627626
211.1299232
237.6023633
267.4271575
301.0242816
338.8659482
381.4939845
