0.2525250997
0.1283505782
0.08693905099
0.06621897233
0.0537759917
0.04547196124
0.03953336501
0.03507342601
0.03159947503
0.02881589797
0.02653456635
0.02301551426
0.02162891555
0.01936891176
0.01760354336
0.01618486033
0.01450977888
0.01361087851
0.01217456018
0.01132531844
0.01040493416
0.00949646248
0.008776118649
0.008189441821
0.007528049354
0.006999895461
0.006511491703
0.006067156855
0.005631190627
0.00527920594
0.004940426738
0.00462413129
0.004334545907
0.004072619919
0.003837396213
0.003626941548
0.003425361727
0.003243059681
0.003074731583
0.002917813523
0.002777179544
0.002649265111
0.002530093704
0.002421249271
0.002323216594
0.002233752375
0.002152691563
0.002079924241
0.002014848444
0.001957741646
0.001908487823
0.001867255421
0.001834562738
0.001810484257
0.001796043497
0.001792130751
0.001800021162
0.001821187969
0.001857393553
0.001910777907
0.001983529822
0.002078208902
0.002197645562
0.002344455758
0.002521840297
0.002733227543
0.002982265132
0.003273098746
0.003609855703
0.003997484529
0.004442113842
0.004949628961
0.005527417867
0.006184119697
0.006928427369
0.007771190474
0.008724221907
0.009800901813
0.01101709827
0.01238933147
0.01393752858
0.01568349278
0.01765182243
0.01987052691
0.02237133491
0.02518907688
0.0283644598
0.0319422168
0.0359726487
0.04051347608
