284.5522167
188.7669022
150.9231305
126.5416089
111.0331991
100.4615474
92.43503329
86.41905685
81.38712294
76.44240666
72.29884639
68.96753077
66.24846644
64.00252127
61.82756416
59.61887226
57.70958371
56.0681958
53.44059071
52.19729043
50.92027303
49.81737679
47.88367794
46.13785922
45.21313336
43.68798397
42.42998515
41.10242537
39.8954742
38.88639049
37.37600062
36.12526727
35.24850283
34.16803111
33.16898071
31.9813564
31.08089181
30.02284093
28.92776885
27.59818461
26.63282251
25.52162708
24.55867441
23.54136978
22.65663294
21.84875047
20.96536338
20.21361647
19.57437803
19.11387125
18.89142201
18.64278336
18.41609562
18.19923458
17.95085112
17.64843408
17.48935321
17.32382135
17.1103577
16.85323675
16.65244415
16.53492097
16.38401867
16.1910004
16.03511742
15.84941425
15.59849667
15.15849028
14.72594773
14.23998172
13.73743144
13.10204981
12.29260491
11.50088556
10.69078001
9.795254278
8.947378063
8.219434765
7.663408223
7.235784861
6.954189552
6.767011123
6.551275622
6.361479468
6.202974317
6.188795479
6.283379251
6.399301046
6.335211194
6.008604025
5.536866529
5.117358638
4.873484691
4.738253207
4.658932743
4.73034193
4.808052099
4.607635083
4.269829948
4.13448133
4.042250795
4.102116063
4.053649208
3.776497432
3.647117939
3.63097762
3.585257745
3.366965582
3.296592861
3.314373905
3.127347191
3.091742628
3.025365497
2.911920255
2.907249245
2.792640193
2.788595554
2.688005988
2.643788503
2.602413767
2.516381293
2.461482855
2.427204216
2.372326947
2.335364325
2.315629766
2.296874989
2.287400472
2.279420535
2.271414482
2.247098093
2.215873919
2.205060999
2.186526185
2.184939674
2.169174303
2.157915723
2.14782734
2.134459893
2.131557176
2.127217098
2.122033395
2.122314685
2.119167365
2.110639935
2.098952308
2.089115648
2.070770513
2.056927815
2.056409022
2.064468799
2.068662261
2.070726907
2.053028332
2.006398491
1.947560666
1.860957866
1.732726998
1.563091114
1.396880862
1.27346464
1.176470808
1.099681151
1.02380815
0.9699372085
0.947604893
0.9004336822
0.8379106183
0.7412390604
0.5642851354
0.3290012395
