0.003353779111
0.004907939507
0.005233076065
0.005030496776
0.004716567823
0.004407620347
0.004127252813
0.003887971739
0.003665060888
0.003450281645
0.003264477712
0.003111395905
0.002988705891
0.002892035711
0.002802417188
0.002712947665
0.002631184647
0.002558541839
0.002444910551
0.002396675361
0.002351034933
0.002310313608
0.002230051649
0.002139644738
0.002092473018
0.00201312897
0.001952271966
0.001895504069
0.001846501996
0.001805069174
0.001743051669
0.001679466661
0.001637500117
0.001585647438
0.001540309592
0.001493933085
0.001455471605
0.001404721633
0.001363932598
0.001321742589
0.001288682141
0.001246558023
0.001212695742
0.001175391589
0.001137113384
0.001106444126
0.001071531946
0.001040841263
0.001014273974
0.0009838703715
0.00095527949
0.0009271142332
0.0008997791448
0.0008758091721
0.0008505884379
0.0008260803973
0.0008017792456
0.0007789752436
0.0007563262053
0.0007341972331
0.0007113984882
0.0006906887916
0.0006708302265
0.000652175497
0.0006335434875
0.0006158616895
0.0005990126639
0.0005838587845
0.0005695137593
0.0005544134163
0.0005398903691
0.000525460902
0.0005113113522
0.0004979444017
0.0004843909804
0.000471662955
0.0004600092774
0.0004488413091
0.0004376711008
0.000427521455
0.0004177493077
0.0004086624407
0.0003999813017
0.000391400784
0.0003831953784
0.0003751401132
0.0003668476301
0.0003584671749
0.000350473032
0.0003429573068
0.0003355895418
0.0003287528758
0.0003218633082
0.0003150460508
0.0003089025555
0.0003035994255
0.0002982409457
0.000293619238
0.0002894384126
0.0002850461586
0.0002809013286
0.0002772336409
0.0002741192586
0.0002714771809
0.0002693931544
0.0002674224814
0.0002651051337
0.0002630830421
0.0002617638361
0.0002606732134
0.000260189756
0.0002602261314
0.00026123995
0.0002628749604
0.0002648035832
0.0002668514627
0.000269015179
0.0002712562558
0.0002731665604
0.0002747220063
0.0002757300878
0.0002760581093
0.0002758300469
0.0002746797628
0.0002727945504
0.000270852337
0.000269449541
0.0002683941818
0.0002678873097
0.0002684241925
0.0002693637648
0.0002713193213
0.0002744643587
0.0002787043307
0.0002837829574
0.0002893032339
0.0002949166445
0.0002999299129
0.0003049266031
0.0003098438608
0.0003140238624
0.0003175025063
0.0003208620039
0.0003241971038
0.0003285465502
0.000334072782
0.0003403356378
0.0003470591526
0.0003552630261
0.0003644441569
0.0003742586577
0.0003855611107
0.0003984826878
0.0004130315157
0.0004287704988
0.00044544569
0.0004631216655
0.0004810880044
0.0004990867541
0.0005159501745
0.0005324350995
0.0005486443604
0.0005673044231
0.0005912839679
0.0006173865099
0.0006420022451
0.0006693425785
0.0006988650248
0.0007320238973
0.0007643157655
0.0007939021788
