1552.451327
832.4929378
590.1324007
467.4725919
392.872965
342.4188384
305.8402232
277.9888538
255.9957645
238.1335079
223.2984997
199.979861
190.6136288
175.0783265
162.6638221
152.471067
140.1357424
133.357605
122.2514899
115.4988611
107.9967941
100.3748757
94.15397591
88.95496355
82.93221817
77.98431713
73.28587762
68.89725561
64.47398388
60.80922167
57.19511977
53.73668503
50.49216993
47.48703539
44.72566913
42.19998187
39.72706207
37.44047792
35.28190933
33.2235735
31.33575189
29.57782928
27.89903226
26.32441852
24.86501799
23.4905117
22.19974401
20.99183315
19.85636606
18.7963828
17.80648517
16.88412582
16.03262071
15.23880905
14.51006574
13.84351019
13.23985101
12.70367107
12.23768369
11.84661483
11.53886781
11.32356601
11.21220439
11.21828445
11.35620924
11.64154515
12.09014008
12.718006
13.53987425
14.57102194
15.82900984
17.33017816
19.09497507
21.14790933
23.51404701
26.22576881
29.31915379
32.83591931
36.82644076
41.34370133
46.45228508
52.22331136
58.73741615
66.0867556
74.37599841
83.72024949
94.25422768
106.1261128
119.5026424
134.5752469
