352.9650596
225.4261345
179.9099431
154.386229
137.6488536
125.6116508
115.6016146
107.2851663
100.2021362
93.77348461
88.31979984
83.63529934
79.856017
76.69997962
73.99396284
71.60454066
69.42881533
67.43314289
64.08169297
62.71515522
61.46117837
60.27979847
57.87456045
55.37723865
54.18957655
52.12609218
50.47451647
48.97511261
47.64290924
46.53265372
44.96587144
43.21656787
42.09480441
40.7303139
39.58449733
38.29112471
37.25593179
35.82263973
34.52444642
33.04789293
31.90085057
30.51994763
29.41234196
28.26213847
27.1033423
26.19315719
25.1414888
24.19631439
23.4030576
22.70705291
22.27744033
21.79357393
21.32165353
20.8811606
20.35670943
19.77987355
19.31783775
18.90320085
18.4671358
18.01310638
17.60477531
17.32790517
17.0282482
16.70537251
16.4443498
16.21566347
15.98065817
15.5884424
15.20369957
14.78148835
14.37186972
13.88239141
13.24059141
12.63335843
12.01682686
11.33407187
10.68986826
10.12416241
9.664535872
9.269856036
8.959152452
8.693409886
8.395167356
8.137555505
7.895691268
7.745667499
7.652082504
7.582508335
7.422781464
7.103805813
6.72537796
6.39131853
6.159270726
5.990470901
5.844448247
5.779740497
5.737968997
5.547304955
5.279777585
5.112561096
4.96683617
4.883114123
4.737893444
4.492012152
4.339786753
4.248294043
4.16260479
3.967836908
3.83339805
3.733811718
3.517387424
3.412765949
3.330544837
3.23066902
3.180059012
3.07129571
3.035821246
2.937541685
2.86218856
2.805336953
2.739618835
2.680923552
2.638498649
2.56950622
2.517548017
2.480715067
2.433023791
2.407476773
2.386903404
2.384917286
2.368298476
2.342168504
2.331066145
2.308198096
2.290614194
2.237711592
2.186984138
2.148328537
2.110658538
2.065203735
2.012218605
1.950705333
1.879464829
1.814572433
1.753237774
1.689066915
1.631114288
1.565848734
1.4942856
1.416654745
1.374743099
1.35178657
1.358668404
1.383669186
1.409944174
1.444220699
1.461888246
1.482995367
1.508065846
1.53334657
1.570900908
1.576924844
1.590056532
1.59502843
1.565863111
1.541764653
1.534180562
1.512820833
1.502792199
1.553506104
1.62547906
