0.005004293007
0.01000858601
0.01501287902
0.02001717203
0.02502146503
0.03002575804
0.03503005105
0.04003434405
0.04503863706
0.05004293007
0.05504722307
0.06005151608
0.06505580909
0.0700601021
0.0750643951
0.08006868811
0.08507298112
0.09007727412
0.1000858601
0.1050901531
0.1100944461
0.1150987392
0.1251073252
0.1351159112
0.1401202042
0.1501287902
0.1601373762
0.1701459622
0.1801545482
0.1901631343
0.2051760133
0.2201888923
0.2301974783
0.2452103573
0.2602232364
0.2802404084
0.2952532874
0.3152704594
0.3352876315
0.3603090965
0.3803262685
0.4053477336
0.4303691986
0.4603949566
0.4904207147
0.5204464727
0.5554765238
0.5905065748
0.6255366258
0.6655709699
0.710609607
0.755648244
0.8056911741
0.8557341042
0.9107813272
0.9708328433
1.035888652
1.100944461
1.171004564
1.246068959
1.33114194
1.416214921
1.506292195
1.601373762
1.706463915
1.816558361
1.936661394
2.061768719
2.191880337
2.337004834
2.487133624
2.647271001
2.817416963
2.997571511
3.192738938
3.397914952
3.618103844
3.853305615
4.103520266
4.368747795
4.648988203
4.949245784
5.269520536
5.614816754
5.97512585
6.360456412
6.775812731
7.211186223
7.676585472
8.177014773
8.702465539
9.267950649
9.868465809
10.50401102
11.18459487
11.90521306
12.67587419
13.49657824
14.37232952
15.29812372
16.28897374
17.34487956
18.4658412
19.66186722
20.93295765
22.28912105
23.73035744
25.26667539
26.89807491
28.63956888
30.49115729
32.46284874
34.5646518
36.80157077
39.18361424
41.7157865
44.41810473
47.29056891
50.34819194
53.60598669
57.07896604
60.77213427
64.70050428
68.88909753
73.34291831
78.09199237
83.14132401
88.520939
94.25085449
100.3460834
106.8416557
113.7525843
121.1138994
128.9506222
137.2927786
146.1753987
155.6335125
165.7071543
176.42635
187.8411423
199.99657
212.9376717
226.7144904
241.3820732
257.0004717
273.6297373
291.334926
310.1860977
330.258317
351.6266481
374.3761641
398.6019466
424.3890684
451.8526285
481.0877082
512.2144107
545.3578433
580.6431133
618.2153452
658.2146592
700.8011927
746.1450916
794.4265105
845.825604
900.5575566
958.8275444
1020.865765
1086.917428
1157.247762
1232.126998
1311.85039
