0.0947811916
0.08429828339
0.08731173272
0.08521141841
0.0756515189
0.05787503793
0.03974667825
0.02554887749
0.0183297454
0.01583422518
0.01619081389
0.0234513984
0.02678164382
0.02387650987
0.01447806038
0.01149686222
0.01510428293
0.01764797186
0.009907038332
0.01035630427
0.01258812033
0.008494495705
0.01065961919
0.007825984676
0.007818123724
0.008988637188
0.007579936268
0.006714501525
0.006625098896
0.00649985119
0.005697621708
0.005041554661
0.004582442435
0.004345701711
0.004029751613
0.003878599846
0.003649164192
0.003473776487
0.003375686418
0.003135376035
0.003108592741
0.002901591155
0.002732588769
0.002619051328
0.002544950402
0.002496096928
0.002458940884
0.002399897344
0.002356666319
0.002320555077
0.002327734396
0.002334756799
0.002352658003
0.002383917497
0.002417357694
0.00242944058
0.00242050798
0.002377023181
0.002295329753
0.002165746038
0.002002241135
0.001823149267
0.001661443896
0.001547583963
0.001508048354
0.001517341447
0.001553593566
0.001633847617
0.001753689049
0.001879507064
0.002008297935
0.002193714952
0.002422731437
0.00267578301
0.002943458437
0.003270607331
0.003650204068
0.004055621682
0.004517136949
0.005036060781
0.005618870952
0.006231584567
0.006909456981
0.007671966968
0.008505276304
0.009436899697
0.01046209169
0.01166637965
0.01305374863
0.01460421569
