1016.138335
780.3040464
637.6713824
565.5002262
507.7991461
433.4729431
379.7534041
341.4160592
312.5221443
293.6413285
282.4571375
271.8778335
266.6983776
247.637403
224.1154804
209.2097204
201.5020892
197.252611
176.0458667
168.8193402
162.2785942
148.9844637
143.4906858
134.160289
127.5317662
123.3363446
116.9257736
111.0256107
105.2512568
99.65368959
93.13621352
86.52563809
80.1106641
74.7676869
69.60347035
65.46377496
61.57728286
58.14079279
54.720135
50.74949891
47.69098381
44.89397563
41.87006061
39.04817592
36.91188135
35.44139563
33.94784238
32.3257458
30.99390333
29.73300859
28.73145182
27.83942468
27.04609385
26.21397377
25.17137285
23.83877309
22.41612983
20.9475089
19.63799069
18.92582275
18.9366214
19.59773436
20.74150245
22.30086064
24.28791125
26.44607204
28.72005774
31.49416725
34.71809367
38.4943578
42.7474554
47.70645012
53.42466063
59.88335863
67.2591197
75.52798812
84.7317234
94.95637593
106.4120004
119.4188687
133.9024907
150.0943963
168.1853055
188.101453
210.0367843
233.7155198
259.6568166
288.3754958
321.1141661
359.3455546
