369.9439621
231.9401742
180.5898206
152.4479524
134.1910105
121.1654107
111.2872852
103.4710824
97.09016439
91.75482441
87.20858383
83.2749598
79.82806943
76.77542089
74.04734569
71.59024493
69.36212473
67.32955781
63.74809191
62.15892863
60.68287409
59.30713347
56.81473752
54.61215201
53.60273537
51.74116723
50.06097331
48.53451236
47.13969978
45.8586498
44.11901357
42.56351784
41.61354896
40.30086071
39.10513075
37.66488491
36.68347993
35.48696426
34.40050345
33.17328118
32.28089391
31.26066145
30.33156971
29.31911261
28.40188771
27.56585076
26.6781242
25.87116824
25.13343922
24.36316271
23.57612186
22.86094933
22.13813826
21.48003694
20.82004965
20.16540317
19.52177391
18.93633606
18.36149925
17.80046154
17.22315152
16.69889336
16.19314555
15.70648658
15.21684758
14.75035666
14.28771909
13.84963476
13.43458291
13.01333784
12.61712994
12.23238721
11.86024867
11.50143772
11.14768424
10.80931435
10.47885512
10.15779614
9.847175961
9.547664047
9.25963399
8.978757562
8.70619074
8.439033292
8.185501752
7.938742326
7.696874007
7.466307503
7.2420478
7.02279218
6.813433966
6.608521421
6.410700351
6.220307904
6.034907053
5.856412221
5.682847767
5.514839586
5.351914434
5.195364899
5.043074986
4.895624616
4.75340188
4.615539502
4.482447185
4.353473301
4.228999294
4.10851422
3.992345615
3.879766109
3.77112475
3.666133108
3.564586421
3.466550855
3.371870002
3.280600895
3.192298587
3.107227914
3.025167911
2.945959837
2.869490877
2.795870999
2.724988897
2.656602544
2.590827626
2.527411146
2.46646792
2.407802667
2.351373175
2.297186999
2.245086398
2.195099546
2.147111948
2.101098038
2.057008846
2.014782758
1.974373612
1.935727682
1.898838346
1.863636965
1.830088907
1.79816923
1.767849279
1.73910023
1.711895719
1.686221021
1.662063746
1.639415646
1.618274001
1.598646989
1.580544238
1.56398075
1.548990616
1.535602644
1.523870025
1.513847445
1.505603512
1.499221385
1.494795427
1.492436393
1.492268823
1.494433901
1.499089873
1.506410535
1.51659017
1.529837184
1.546379132
1.566461202
1.590347264
1.61831375
1.650655039
