0.003346907565
0.004953043643
0.005404854643
0.005363638729
0.005168728625
0.004929823158
0.004668845665
0.004388347938
0.004093150201
0.003800555256
0.003535479038
0.003314887868
0.003143399781
0.003014404868
0.00291309565
0.002826454864
0.002748699814
0.002679056156
0.002574801151
0.00254022675
0.002511529383
0.00248216093
0.002398315413
0.002280667254
0.002221044126
0.00212449144
0.002056241424
0.001998468281
0.001952172506
0.001921965229
0.001874191059
0.001793178849
0.001740176542
0.001682826542
0.001638994712
0.001602748117
0.001562584775
0.001497010685
0.001453380015
0.001418345742
0.001382418656
0.001331526381
0.001298965026
0.00126587201
0.00122145639
0.00119429121
0.00115794363
0.001124999768
0.001100145666
0.001065906469
0.001038188243
0.001007857496
0.0009793601961
0.0009545099639
0.0009265212576
0.0009013632228
0.0008770317305
0.0008533343228
0.0008297497745
0.0008071350845
0.0007834872706
0.0007625492173
0.0007425892688
0.000723545689
0.0007035286579
0.0006844191027
0.000665999243
0.0006479387996
0.0006315389918
0.0006151400011
0.0005995638054
0.0005853474301
0.0005718746137
0.0005588665577
0.0005465048512
0.0005353373805
0.0005248244485
0.0005150028069
0.0005061602414
0.0004978373451
0.0004901730729
0.0004827157149
0.00047517682
0.0004675767655
0.0004605060253
0.000453491017
0.0004464186309
0.0004393016845
0.0004323118532
0.0004252667869
0.0004181862199
0.0004107692155
0.0004040575731
0.0003981262546
0.0003929771363
0.0003883059024
0.0003841059347
0.0003808342088
0.000378880739
0.0003780904542
0.0003783208912
0.0003797906537
0.0003819665554
0.000384799015
0.00038798906
0.0003915561543
0.0003959255577
0.0004012865737
0.0004066213101
0.0004114590845
0.0004160080037
0.0004203941523
0.0004240983538
0.0004274327352
0.0004307630647
0.0004340137348
0.0004372567818
0.0004400544944
0.0004426041574
0.0004460957785
0.0004506579185
0.0004557240583
0.0004614433154
0.0004681689382
0.0004762126073
0.0004853344267
0.0004956476539
0.0005070343376
0.0005194825701
0.0005324028966
0.0005456574667
0.0005588531451
0.0005722040478
0.0005852976459
0.0005988866431
0.0006135286867
0.0006294377489
0.0006471379402
0.0006668812348
0.0006884776655
0.0007128848344
0.0007402617622
0.000771215381
0.0008055933048
0.0008429430331
0.0008827371155
0.0009250306338
0.0009687961841
0.001013175247
0.001059339757
0.001108261125
0.001157480531
0.001204016145
0.001246837416
0.001288784651
0.001333730229
0.001379928033
0.001427746691
0.001483531119
0.001546120223
0.00161616947
0.001696619206
0.001793400321
0.00190981081
0.002040504092
0.002185695741
0.002341105695
0.002509422005
0.002681157268
0.002850270567
0.003023754481
