310.0691733
195.1361551
152.2004535
128.6127596
113.2850708
102.336351
94.02578124
87.44530136
82.07015564
77.57369838
73.74078635
70.42328067
67.51545459
64.93958643
62.63710688
60.56293813
58.68174982
56.96540976
53.94056703
52.59815563
51.35116549
50.18881541
48.08275804
46.22132151
45.3681677
43.79464925
42.37429862
41.0837934
39.90449592
38.82130937
37.35025777
36.0348147
35.23140475
34.12118052
33.10982274
31.89158843
31.06142809
30.04926943
29.13017434
28.0919655
27.33699923
26.47385443
25.6878001
24.83119872
24.05515745
23.34779921
22.59670091
21.91393844
21.28974748
20.63801893
19.97210916
19.36701147
18.75545778
18.19866158
17.64027956
17.08642814
16.54191172
16.04664017
15.56035252
15.08575551
14.59741367
14.1539684
13.72620105
13.3146011
12.90050499
12.50601095
12.11480288
11.7443851
11.39347013
11.03734981
10.70242736
10.37722895
10.06271755
9.759504324
9.460601423
9.174734231
8.895589155
8.624425192
8.362119636
8.109237458
7.866093274
7.629033249
7.399033546
7.173647784
6.959807049
6.751729159
6.547829122
6.353510791
6.16456322
5.979889737
5.803611175
5.631136548
5.464693175
5.304563451
5.148697217
4.99870343
4.852921221
4.711876148
4.575170446
4.443887359
4.316251351
4.192748236
4.073701808
3.958384916
3.847139096
3.739418404
3.635540037
3.535075965
3.438297451
3.344596739
3.254262569
3.167052845
3.082795407
3.001542807
2.923162729
2.847699342
2.774781796
2.704625586
2.637044683
2.57190463
2.50910884
2.448743229
2.390711533
2.334810648
2.281129784
2.229456718
2.179878855
2.132230641
2.086470846
2.042597974
2.000476202
1.960119644
1.92142652
1.884366238
1.848888589
1.814932419
1.78244814
1.751379085
1.721705352
1.693355928
1.666285703
1.640455799
1.61582256
1.59234014
1.569962294
1.548649625
1.528361676
1.50905798
1.490698755
1.473249179
1.456670643
1.440923136
1.425977823
1.411792592
1.398341008
1.385587915
1.37350103
1.362051891
1.351209101
1.340946462
1.331235614
1.322049552
1.313362624
1.305151988
1.297392009
1.290061581
1.283138738
1.276602481
1.270432411
1.264610065
1.259117116
