386.7150811
279.5147859
229.3908246
197.8576711
176.0935787
160.7044287
148.9905387
139.7745167
132.1658758
125.542542
119.3885815
114.035164
109.5078909
105.5121694
101.9216922
98.64840521
95.73212873
93.16573214
88.75557152
86.76086127
84.94176237
83.29485154
80.17395474
77.4163766
76.17398306
73.91554078
71.86198072
69.89183084
67.96014819
66.14006504
63.86491913
61.8748454
60.57630902
58.8228854
57.21199189
54.96072529
53.39173973
51.48376452
49.27665376
46.3849227
44.33461554
41.8822283
39.73323065
37.50891782
35.7028207
34.02405824
32.22048776
30.61580788
29.2099515
28.50608538
28.63256608
28.61169594
28.58968496
28.39274912
27.99991546
27.43681319
27.39354307
27.27930953
27.0436019
26.62895749
26.3660897
26.43214488
26.34821393
26.12811554
26.14521425
26.17141928
26.05949306
25.31124157
24.64011607
23.90490057
23.23355946
22.22227156
20.66097203
19.21709512
17.78838853
16.03892862
14.33659099
12.85941431
11.78977846
10.89809535
10.35722887
10.01358978
9.550268012
9.29388304
9.050773557
9.17501273
9.484798491
9.865438285
9.845633941
9.180201313
8.20290982
7.379344049
6.951579447
6.736318567
6.633388564
6.859508784
7.133542317
6.773201264
6.068268484
5.789060731
5.644171723
5.857503953
5.771008301
5.193230564
5.00963787
5.091526329
5.107353599
4.672080892
4.59063061
4.687819749
4.299829871
4.2777429
4.210719711
4.042950764
4.109622417
3.899372551
3.97011007
3.818025159
3.786224631
3.76494345
3.641184935
3.587593359
3.587685361
3.492401356
3.404164334
3.329750258
3.246223445
3.164091054
3.102058234
3.067219515
3.017634477
2.97078167
2.970944322
2.91966454
2.904335989
2.869664559
2.863041061
2.877547625
2.893689401
2.911964571
2.932179236
2.93930609
2.936911594
2.94237195
2.936994322
2.946697212
2.953012031
2.9600202
2.977184011
2.995376886
3.011907264
3.006422302
2.973470928
2.92791385
2.852838642
2.742623781
2.606860131
2.491432762
2.407912121
2.305368214
2.231179969
2.126528398
1.978431255
1.859566762
1.747722549
1.667047837
1.669996264
1.712878464
1.781926551
1.85147337
1.878540876
