0.003384101641
0.004877625268
0.005051260324
0.004690065508
0.004319573543
0.00402770197
0.003792013546
0.003618241103
0.003449403972
0.00326873267
0.003119378901
0.003000361225
0.002899301605
0.002816463587
0.002730209163
0.002637414086
0.00255775367
0.002490449467
0.002382318024
0.002328490476
0.002270918024
0.002220692683
0.002137945006
0.00206577587
0.002026270676
0.001960453329
0.001908018275
0.001850591772
0.001800834983
0.001759768677
0.001694057627
0.001641691355
0.001604287368
0.001557922527
0.001513072036
0.001462519805
0.00142429135
0.001380466254
0.001340188692
0.001293603856
0.001260096129
0.001222288856
0.001188421682
0.001152012511
0.001118611134
0.001088622263
0.001056420887
0.001027222964
0.001000379239
0.000972447119
0.0009436946682
0.000917389606
0.0008904840254
0.0008660959804
0.0008409877785
0.0008160280173
0.0007915350776
0.0007696056971
0.0007485106481
0.0007280838151
0.0007070692687
0.0006875889163
0.0006690605594
0.0006519496784
0.0006350193768
0.0006188051289
0.0006028328391
0.0005878997227
0.0005730830751
0.0005579698981
0.0005440931666
0.0005309719831
0.0005189459055
0.0005071627935
0.0004954945729
0.0004840314054
0.0004727063993
0.0004618510226
0.0004509674307
0.0004407873961
0.0004309808877
0.0004216880016
0.000412289036
0.0004029909973
0.0003946503341
0.0003871866542
0.0003806906346
0.0003749610692
0.0003691227755
0.0003638062539
0.0003585007112
0.0003532239424
0.0003479038795
0.0003426879438
0.0003375091969
0.0003320199931
0.0003257964977
0.0003190492146
0.0003124802719
0.0003062728366
0.0002999873831
0.0002939550287
0.0002879925453
0.0002819573343
0.0002761259724
0.000270356442
0.0002651294373
0.0002604372417
0.0002563584946
0.0002525832793
0.0002490056978
0.0002457730256
0.0002433433605
0.0002418133144
0.0002411845087
0.0002414750726
0.0002428035281
0.0002443803198
0.0002460872186
0.0002476020083
0.000249093859
0.0002510056787
0.0002529853858
0.0002547984052
0.0002569617272
0.000259141597
0.0002612050878
0.0002629364039
0.0002650542404
0.000267550698
0.0002703539755
0.0002738234034
0.0002776281885
0.0002821996043
0.0002872901209
0.0002927344555
0.000298498292
0.0003045995214
0.0003117420397
0.0003200993216
0.0003300309027
0.0003413824707
0.0003539721473
0.0003680023185
0.0003829405729
0.0003989959699
0.0004162866166
0.0004351562743
0.0004558284717
0.0004782466336
0.0005024255814
0.0005278715022
0.0005548752435
0.0005826183011
0.0006108644675
0.0006393904651
0.0006674112369
0.0006950745086
0.000721681903
0.000746729996
0.0007728897616
0.0007992178427
0.0008241667758
0.0008513468483
0.0008866736952
0.0009250062891
0.0009666465873
0.00101405684
0.001064328742
0.001124366458
0.00120295552
