1089.84946
904.8864031
615.6180348
535.2997817
524.593699
387.3353002
312.5400314
284.8995506
231.6174823
191.341686
195.1695686
204.4788291
203.5732571
190.1305344
162.6109829
134.8750428
142.6783021
148.2973716
119.3122338
117.5013872
114.4137258
94.9060011
99.36192349
85.30870808
82.17961909
81.20141902
75.43860517
68.74729863
65.92162205
62.20188013
58.02131401
53.42234704
49.85276298
47.57470606
44.20107628
41.96241826
39.36804492
37.16007979
35.36586693
33.14092758
31.55933952
29.68318115
27.85571745
26.12330918
24.65779452
23.32354267
22.14901675
20.85237823
19.62336401
18.51184557
17.49413037
16.49933169
15.60338253
14.89329964
14.35412963
13.8336635
13.39591636
12.92776881
12.47387354
12.08824618
11.74106018
11.36572819
11.23127452
11.31101625
11.55199686
11.84225897
12.23476271
12.75055305
13.36992624
14.21093635
15.27993055
16.65352347
18.36376375
20.37265644
22.70402761
25.3497262
28.35449861
31.77676577
35.71869831
40.29894032
45.55568779
51.7256958
58.89185265
67.20240637
76.88213382
87.79261773
99.92104886
113.4295708
128.5675936
144.1639338
