0.06659555398
0.04233712604
0.0303743185
0.02591492682
0.02179731858
0.01996164033
0.01818797749
0.01708924629
0.01612556181
0.01426718466
0.0142282717
0.0131116771
0.01274602882
0.01170293843
0.01106073951
0.0102276246
0.009721922353
0.009257995504
0.008708526933
0.008319690045
0.007756911451
0.007309850124
0.006936488489
0.006636952531
0.006302929969
0.005997803064
0.005685468184
0.005409959289
0.005072142651
0.00477074227
0.004473962215
0.004173918398
0.003895490002
0.003655009638
0.003425973977
0.003239116685
0.003072860009
0.002917079641
0.002760556267
0.002617410807
0.002505834822
0.002407402867
0.002309213306
0.002219066907
0.00214816304
0.002092033446
0.002046292084
0.002014660556
0.002005345872
0.00200648651
0.002008566106
0.002010363776
0.002008138167
0.002002402491
0.001984047646
0.001951965919
0.001906024657
0.001851716346
0.001797107141
0.001751569589
0.001733434611
0.001744874938
0.001773904381
0.001833486253
0.001932199497
0.002061530127
0.002209424627
0.002404941827
0.00265285408
0.002945861812
0.003275276018
0.003661197622
0.004102332729
0.004594658096
0.005159708182
0.005802487392
0.006517394175
0.007306196606
0.008185516552
0.009172752712
0.01026965129
0.011492901
0.01288155061
0.01445151357
0.01621769494
0.01819262787
0.02039476942
0.0228828728
0.02568640074
0.02879900078
