0.01168136256
0.008262559548
0.006748470458
0.005846182727
0.005230627043
0.004776386519
0.004423462502
0.004139068395
0.00390357485
0.003704417078
0.003533129763
0.003383773633
0.003252042283
0.003134726948
0.003029381168
0.00293410273
0.00284738729
0.002768027412
0.002627621064
0.00256509552
0.002506901362
0.002452562063
0.002353880525
0.002266432533
0.002226284699
0.002152132423
0.002085087534
0.002024087341
0.001968278943
0.001916968833
0.001847216972
0.001784785216
0.001746631932
0.00169388473
0.001645815992
0.001587898963
0.001548426913
0.001500302221
0.001456609087
0.001407268986
0.001371405544
0.001330425546
0.001293131927
0.001252526898
0.001215779564
0.001182322919
0.001146844384
0.001114642227
0.001085248841
0.001054612224
0.00102337289
0.0009950496423
0.0009664930926
0.0009405607954
0.0009146265477
0.0008889818553
0.0008638548851
0.0008410820225
0.0008188060057
0.0007971537963
0.0007749750709
0.0007549328811
0.0007356961824
0.000717285188
0.0006988697674
0.000681435902
0.0006642635179
0.0006481208481
0.000632943275
0.0006176660796
0.0006034245817
0.0005897248947
0.0005766069814
0.0005640942182
0.0005519000392
0.0005403805619
0.0005292793961
0.0005186481521
0.0005085206457
0.0004989162637
0.0004898429549
0.0004811630681
0.0004729133943
0.0004650087756
0.0004576889367
0.0004507504692
0.0004441442785
0.0004380433456
0.000432310981
0.0004269173294
0.0004219805514
0.0004173702756
0.0004131481209
0.0004093177121
0.0004058296458
0.0004027199068
0.0003999537321
0.0003975432035
0.0003954829384
0.0003937878677
0.0003924352836
0.0003914344372
0.000390788558
0.000390495266
0.0003905579067
0.0003909796418
0.0003917624717
0.000392912795
0.0003944306639
0.000396330158
0.0003986112846
0.0004012848779
0.0004043633775
0.0004078522019
0.0004117641735
0.0004161038924
0.000420902103
0.0004261546931
0.0004318839448
0.0004381128206
0.0004448645914
0.0004521427303
0.0004599698204
0.0004683886182
0.0004774016119
0.0004870615567
0.0004973702264
0.0005083800844
0.000520122971
0.0005326201485
0.0005459336252
0.00056008408
0.0005751328937
0.000591120633
0.0006080978049
0.0006261247838
0.0006452616016
0.0006655780794
0.000687123603
0.0007099875882
0.0007342490107
0.0007599866059
0.0007872888666
0.000816253968
0.0008469897013
0.0008796036188
0.0009142129155
0.000950944385
0.0009899343844
0.001031319131
0.001075254123
0.001121913989
0.001171453954
0.001224086834
0.001279986899
0.001339376258
0.001402486397
0.001469548705
0.001540832527
0.001616597605
0.00169714154
0.001782780733
0.001873850365
0.001970685541
0.002073687268
0.002183237575
0.00229976547
0.002423728035
0.002555619791
0.002695944515
0.002845252778
