0.218301901
0.1121147835
0.07667233649
0.05891863973
0.04824227107
0.04110592189
0.0359934801
0.03214679747
0.02914460975
0.02673410304
0.02475435178
0.02169083161
0.02047962184
0.01849903435
0.0169450249
0.01569067256
0.01420170984
0.01339840173
0.01210718872
0.01133848463
0.01050009396
0.009666222939
0.008999803341
0.008453118707
0.007832019195
0.0073319544
0.006865934767
0.0064386849
0.006016191824
0.005672543519
0.005339524617
0.005026521293
0.004738133755
0.004475774123
0.004238931734
0.00402605413
0.003821309288
0.003635454016
0.003463279345
0.003302294085
0.003157612548
0.003025657315
0.002902354173
0.002789327192
0.002687044268
0.002593085581
0.002507138778
0.002428898895
0.002357458676
0.002292781284
0.00223430282
0.002181651153
0.002134784994
0.002092778862
0.002055845654
0.002023662154
0.00199611955
0.001973307185
0.00195525809
0.001942147504
0.00193435002
0.00193235322
0.001936851486
0.001948729273
0.001969120418
0.001999440347
0.002041389915
0.002097002437
0.002168530268
0.002258575208
0.002370174298
0.002506409239
0.0026707906
0.002867197348
0.003099487736
0.003372119755
0.003689806139
0.004057720077
0.0044818462
0.004968373878
0.005524685638
0.006158850519
0.006879970437
0.007698425435
0.008626003939
0.009675682246
0.0108626639
0.01220369767
0.01371765472
0.01542622799
