0.01099829511
0.007778364514
0.006352148048
0.005502108901
0.004922118842
0.004494065217
0.004161442051
0.003893370467
0.003671362755
0.003483584565
0.003322062481
0.003181202194
0.003056947314
0.002946275278
0.002846881535
0.002756974158
0.002675135987
0.002600229527
0.002467675765
0.002408634974
0.002353676727
0.002302352038
0.002209126369
0.002126490773
0.002088544551
0.002018444488
0.001955046226
0.00189734824
0.001844546675
0.001795987869
0.001729953929
0.001670825841
0.001634679157
0.001584689218
0.001539114614
0.001484176709
0.00144671711
0.001401024358
0.001359516627
0.001312615742
0.001278504288
0.001239502383
0.00120398469
0.001165284303
0.001130231919
0.001098292233
0.001064392237
0.001033593293
0.001005453698
0.0009760937089
0.0009461211285
0.0009189126373
0.0008914440583
0.0008664651968
0.000841448097
0.0008166707767
0.0007923513741
0.0007702703149
0.0007486301138
0.0007275529867
0.0007059145592
0.000686313384
0.0006674530152
0.0006493543182
0.0006311991005
0.0006139579382
0.0005969183162
0.00058084264
0.0005656708023
0.0005503364875
0.0005359778637
0.0005220999489
0.0005087434062
0.0004959329726
0.000483374096
0.0004714332045
0.0004598452955
0.0004486630246
0.0004379218676
0.0004276433084
0.0004178376792
0.0004083564065
0.000399238359
0.0003903870065
0.0003820721549
0.0003740655366
0.0003663068708
0.0003589997501
0.0003519826532
0.0003452150665
0.000338845683
0.0003327063669
0.0003268756956
0.0003213604304
0.0003160880394
0.0003111110846
0.0003063723704
0.0003018877414
0.0002976429398
0.0002936688909
0.0002899096524
0.0002863786412
0.0002830829385
0.0002800005133
0.0002771388609
0.0002744823821
0.0002720374456
0.0002697924808
0.0002677520554
0.0002659022759
0.000264248162
0.0002627842895
0.0002615074967
0.0002604183913
0.0002595150009
0.0002587976069
0.0002582632102
0.0002579141555
0.0002577499095
0.0002577714423
0.0002579807852
0.0002583793952
0.0002589693018
0.0002597551397
0.0002607384442
0.0002619262624
0.000263320063
0.0002649280281
0.0002667561809
0.0002688089205
0.0002710975802
0.0002736268524
0.0002764087383
0.0002794517975
0.0002827665656
0.0002863657127
0.0002902620622
0.0002944706096
0.0002990022
0.0003038761375
0.0003091097147
0.0003147202295
0.0003207271354
0.0003271520654
0.0003340188427
0.0003413512715
0.0003491753232
0.0003575191401
0.0003664130344
0.0003758872658
0.000385976476
0.0003967196898
0.0004081514362
0.0004203194964
0.0004332627213
0.0004470309917
0.0004616763413
0.0004772507528
0.0004938149979
0.0005114275947
0.0005301558429
0.0005500714004
0.0005712502824
0.00059376848
0.0006177173078
0.0006431836688
0.0006702653937
0.0006990668469
0.0007297011005
0.0007622833907
0.0007969398358
