0.07166406151
0.04199610381
0.0315836528
0.02610662901
0.02265934716
0.02025634564
0.01846726635
0.01707268899
0.01594828153
0.01501796103
0.01423235991
0.01297101328
0.01245439178
0.01158368561
0.0108746421
0.01028311087
0.009555312062
0.009149620265
0.008475764016
0.008060429338
0.007593991798
0.007114762556
0.006719740549
0.006387047152
0.005998913193
0.005678050681
0.005371910453
0.005084897231
0.004794847951
0.004554187347
0.004316789139
0.004089816561
0.003877334955
0.003681193335
0.003501787084
0.003338631141
0.003180011095
0.003034593894
0.002898681833
0.002770583296
0.002654648121
0.002548280765
0.002448394936
0.002356481001
0.002273096894
0.002196433475
0.002126393068
0.002062887876
0.002005354102
0.001953952403
0.001908447085
0.001868798203
0.001835252225
0.001807501315
0.0017861304
0.001771466529
0.001764127302
0.001764944732
0.001774924117
0.001795386504
0.001827851434
0.001874166389
0.001936497313
0.002017054554
0.0021184874
0.002243677906
0.002395690691
0.002577903815
0.002793654753
0.003046748851
0.003341716585
0.003682882286
0.004075531107
0.004525778002
0.005039760249
0.005625094696
0.006290074557
0.007044096152
0.007898314627
0.008864361445
0.009956283123
0.01118946912
0.01258130052
0.01415158726
0.01592278792
0.01791957232
0.02017078779
0.02270814848
0.02556732762
0.02878927165
