818.8834069
743.3801736
730.0860498
692.6444362
613.1382194
491.815528
373.1890928
290.8639504
248.9575232
230.6179528
221.8150086
244.1574735
257.6472575
235.1864292
184.8219666
167.4524132
174.4863248
183.0828265
145.2382758
141.5035062
147.2823795
127.2083944
131.3955721
117.5383716
112.8604459
113.7127616
104.5144937
97.60734297
92.91362676
88.43974494
80.95502603
74.1283117
68.370557
63.77703919
59.54267758
56.25534871
53.03670173
50.1324883
47.2937454
44.00482723
42.00441076
39.73667166
37.54330055
35.59024797
33.89972142
32.49884977
31.30305207
30.05219615
28.74977905
27.34202294
26.05866217
24.68961994
23.30097208
21.94584047
20.75407653
19.68353193
18.7189257
17.90284468
17.19196303
16.58506184
16.2166126
15.9267577
15.86306108
15.90103736
15.94657917
15.87614737
15.71013605
15.51992634
15.21315377
14.79783957
14.46582166
14.33471576
14.36850187
14.79490864
15.69794104
16.94333643
18.37359715
20.09713599
21.98976801
23.88389824
25.84350353
27.94345613
29.91829
31.36758416
32.75553941
34.31678777
36.68116911
39.25372649
42.28746976
48.50607791
