1416.251428
809.8015685
600.0440425
491.0354341
423.0955523
376.1152477
341.3683228
314.4322794
292.8150867
274.9996086
260.0060728
236.030427
226.245058
209.7973212
196.443003
185.3274446
171.6801623
164.085078
151.4853547
143.7268415
135.0175472
126.0700362
118.6918215
112.4730633
105.2089555
99.19311521
93.44076731
88.03324382
82.5501139
77.9830142
73.45847339
69.11076199
65.01717533
61.21422317
57.71160918
54.50272368
51.35801043
48.45000514
45.7072898
43.0974628
40.71236914
38.50308898
36.40902208
34.46516733
32.68829194
31.04501364
29.53844092
28.17214055
26.93946283
25.84908125
24.90057152
24.09667496
23.44415817
22.93707553
22.58394884
22.38502309
22.3419233
22.45497122
22.72297537
23.14499792
23.71785532
24.4391086
25.30666608
26.31572627
27.46480636
28.75289217
30.17926193
31.74480027
33.44889229
35.29360051
37.2843464
39.422953
41.71518749
44.16859651
46.78768902
49.58132947
52.55770922
55.72598748
59.09823838
62.68367371
66.49568707
70.5469263
74.85105867
79.42333534
84.28031528
89.43794354
94.91589274
100.7331116
106.9097577
113.46891
