425.6941794
289.5997145
233.2687242
200.6217892
178.688875
162.6602051
150.2893844
140.3687132
132.1836679
125.2809959
119.3574933
114.2016546
109.6608506
105.6218082
101.9984577
98.72407242
95.74601636
93.02213636
88.20618094
86.06269816
84.06824201
82.20630884
78.82579913
75.83071962
74.45576764
71.91629173
69.62010477
67.53068863
65.6187653
63.86055005
61.46959179
59.32853522
58.0195113
56.20891184
54.55789177
52.56710124
51.20923029
49.55232227
48.04650235
46.3441207
45.1052596
43.68795104
42.39637651
40.98797752
39.71122842
38.54682019
37.30973259
36.18459793
35.15548967
34.0804794
32.98155191
31.98252096
30.97238649
30.05230803
29.12923397
28.21327521
27.31238676
26.49265096
25.68748072
24.90137042
24.09217928
23.35709793
22.64773971
21.9649362
21.27772866
20.62279488
19.97305696
19.35759787
18.77430575
18.18211117
17.62492255
17.08367013
16.55996387
16.05483081
15.55663153
15.07991346
14.61415552
14.16145966
13.72329505
13.30061279
12.89394832
12.49719561
12.11198965
11.73423214
11.37554808
11.02625021
10.68367533
10.35690908
10.03888062
9.727743122
9.430446925
9.139256755
8.857935545
8.586971512
8.322902716
8.068462547
7.820842397
7.580941604
7.348092264
7.12415249
6.906105973
6.694792042
6.490779338
6.292836898
6.101566866
5.91604797
5.736845429
5.563241909
5.39572929
5.233280162
5.076421299
4.924761821
4.77803348
4.636361921
4.499553835
4.367726987
4.240277256
4.11762858
3.999506924
3.885732465
3.77619631
3.671112249
3.570380362
3.473721578
3.381368226
3.293038414
3.208969473
3.128972637
3.053077454
2.981382408
2.913771383
2.850376529
2.791149248
2.736157205
2.68543952
2.63902249
2.596951143
2.559262625
2.526035715
2.497286293
2.473058885
2.453397465
2.438333994
2.427892094
2.422089215
2.420937376
2.424438794
2.432587269
2.445369065
2.462759002
2.484727713
2.511246066
2.542262912
2.577751789
2.617651359
2.661922561
2.710524771
2.76340783
2.820542084
2.881881121
2.947399694
3.01707845
3.090903382
3.1688501
3.250936312
3.337152651
3.427514655
3.522046182
3.620785014
3.723760387
3.831019856
