0.01004716064
0.02009432128
0.03014148192
0.04018864256
0.0502358032
0.06028296384
0.07033012448
0.08037728512
0.09042444576
0.1004716064
0.110518767
0.1306130883
0.140660249
0.1607545702
0.1808488915
0.2009432128
0.2310846947
0.251179016
0.2913676586
0.3215091405
0.361697783
0.4119335862
0.4621693894
0.5124051926
0.5827353171
0.6530654416
0.7334427267
0.8238671725
0.9343859395
1.044904707
1.175517795
1.326225204
1.497026935
1.687922987
1.898913361
2.129998056
2.401271393
2.702686212
3.044289674
3.436128939
3.868156846
4.350420557
4.903014392
5.525938352
6.219192436
7.002870966
7.887021102
8.881690006
10.006972
11.27291424
12.69961105
14.30715675
16.10559851
18.14517212
20.43592474
23.01804503
25.93172161
29.20709598
32.89440393
37.05392844
41.7359053
47.01066463
52.95858373
59.64999272
67.1853632
75.67521394
85.24011087
96.02071423
108.1576843
121.8218228
137.22412
154.5655193
174.0971996
196.1105285
220.8968738
248.8179332
280.265546
315.6817873
355.5891094
400.5300589
451.1577014
508.1853852
572.4168831
644.7664869
726.269054
818.0599136
921.4652909
1037.942024
1169.127801
1316.901439
