0.09197181133
0.09242162942
0.09852210195
0.098330832
0.0875248778
0.06638515323
0.04408278469
0.02682278527
0.01789400958
0.01508863886
0.01557373313
0.02552246121
0.03010403832
0.02663830645
0.01447196657
0.01074774975
0.01582767599
0.01940574573
0.009246707187
0.009891083517
0.01328487254
0.007724348308
0.01093990345
0.006970596309
0.007075558268
0.009001720001
0.00707173674
0.005984460523
0.006136981942
0.006242110281
0.005304483206
0.004605606948
0.00418531222
0.004035991127
0.00373003426
0.003610089796
0.003361886151
0.003187824323
0.003140533605
0.002860258469
0.002876051271
0.002609879313
0.002419224809
0.002288214939
0.002203273129
0.002160407284
0.002133896758
0.0020639257
0.002007104898
0.001940963468
0.001923826327
0.001890353845
0.001855753134
0.001836450692
0.001827610948
0.001823513856
0.001838901036
0.001864272991
0.001897755058
0.001933565091
0.001988890739
0.0020561068
0.002153376918
0.002284925097
0.002453687537
0.00266124248
0.002908009918
0.003209812358
0.003569523244
0.003983153735
0.004451716338
0.004986740856
0.005594471494
0.006274356616
0.007035074254
0.007906576904
0.008895564488
0.01000566774
0.01124116054
0.01261760476
0.01414629591
0.01583785467
0.01773076249
0.01985804538
0.02224335252
0.02492964368
0.02792195057
0.03132029937
0.03516632088
0.03948586842
